[gd_scene load_steps=8 format=3 uid="uid://1kjecdw7o7ta"]

[ext_resource type="Script" uid="uid://sibkjv78vte" path="res://scenes/game/level.gd" id="1_dtmi3"]
[ext_resource type="PackedScene" uid="uid://dsvwg4y4er638" path="res://assets/models/table.glb" id="1_khnyk"]
[ext_resource type="PackedScene" uid="uid://dstiijyn8bb30" path="res://scenes/objects/card.tscn" id="2_dtmi3"]
[ext_resource type="Script" uid="uid://cksa4adtuik60" path="res://scenes/objects/card_stacks.gd" id="4_rhpan"]

[sub_resource type="Environment" id="Environment_2q6dc"]
background_mode = 2

[sub_resource type="CameraAttributesPractical" id="CameraAttributesPractical_w7c3h"]

[sub_resource type="Compositor" id="Compositor_w8frs"]

[node name="Level" type="Node3D"]
script = ExtResource("1_dtmi3")

[node name="Sketchfab_Scene" parent="." instance=ExtResource("1_khnyk")]
transform = Transform3D(1, 0, 0, 0, 1, 0, 0, 0, 1, 2.25078, 0, 0.280377)

[node name="Camera3D" type="Camera3D" parent="."]
transform = Transform3D(-0.00123684, 0.503186, -0.864177, 0.000720175, 0.864178, 0.503185, 0.999999, -1.74623e-10, -0.00143123, -54.8186, 113.083, 2.6086)

[node name="SpotLight3D" type="SpotLight3D" parent="."]
transform = Transform3D(1, 0, 0, 0, 1.19249e-08, 1, 0, -1, 1.19249e-08, 0, 184.118, 0)
spot_range = 150.706
spot_attenuation = -0.32
spot_angle = 66.95

[node name="WorldEnvironment" type="WorldEnvironment" parent="."]
environment = SubResource("Environment_2q6dc")
camera_attributes = SubResource("CameraAttributesPractical_w7c3h")
compositor = SubResource("Compositor_w8frs")

[node name="Card" parent="." instance=ExtResource("2_dtmi3")]
transform = Transform3D(-4.37114e-08, 0, 1, 0, 1, 0, -1, 0, -4.37114e-08, -34.7604, 82.5977, 2.81423)
script = ExtResource("4_rhpan")

[node name="SpotLight3D2" type="SpotLight3D" parent="."]
transform = Transform3D(0.128221, -0.356776, -0.925349, -0.0455717, -0.934184, 0.353868, -0.990698, -0.00320362, -0.136041, -106.798, 137.051, 2.20461)
spot_range = 56.56
spot_attenuation = -0.1
spot_angle = 58.71

[node name="Card2" parent="." instance=ExtResource("2_dtmi3")]
transform = Transform3D(0.999897, 0, 0.0143461, 0, 1, 0, -0.0143461, 0, 0.999897, -1.79369, 82.5977, 2.81423)

[node name="Card3" parent="." instance=ExtResource("2_dtmi3")]
transform = Transform3D(0.00915777, 0.987397, 0.157995, -0.0206798, 0.158155, -0.987198, -0.999744, 0.00577322, 0.0218675, 42.3939, 92.8386, 2.81423)
